tg 240
3 0 3 1 2 10 18
3 0 3 2 2 10 18
3 0 3 3 2 10 18
3 0 2 0 2 10 18
3 0 2 1 2 10 18
3 0 2 2 2 10 18
3 0 2 3 2 10 18
3 0 1 0 2 10 18
3 0 1 1 2 10 18
3 0 1 2 2 10 18
3 0 1 3 2 10 18
3 0 0 0 2 10 18
3 0 0 1 2 10 18
3 0 0 2 2 10 18
3 0 0 3 2 10 18
3 1 3 0 2 10 18
3 1 3 2 2 10 18
3 1 3 3 2 10 18
3 1 2 0 2 10 18
3 1 2 1 2 10 18
3 1 2 2 2 10 18
3 1 2 3 2 10 18
3 1 1 0 2 10 18
3 1 1 1 2 10 18
3 1 1 2 2 10 18
3 1 1 3 2 10 18
3 1 0 0 2 10 18
3 1 0 1 2 10 18
3 1 0 2 2 10 18
3 1 0 3 2 10 18
3 2 3 0 2 10 18
3 2 3 1 2 10 18
3 2 3 3 2 10 18
3 2 2 0 2 10 18
3 2 2 1 2 10 18
3 2 2 2 2 10 18
3 2 2 3 2 10 18
3 2 1 0 2 10 18
3 2 1 1 2 10 18
3 2 1 2 2 10 18
3 2 1 3 2 10 18
3 2 0 0 2 10 18
3 2 0 1 2 10 18
3 2 0 2 2 10 18
3 2 0 3 2 10 18
3 3 3 0 2 10 18
3 3 3 1 2 10 18
3 3 3 2 2 10 18
3 3 2 0 2 10 18
3 3 2 1 2 10 18
3 3 2 2 2 10 18
3 3 2 3 2 10 18
3 3 1 0 2 10 18
3 3 1 1 2 10 18
3 3 1 2 2 10 18
3 3 1 3 2 10 18
3 3 0 0 2 10 18
3 3 0 1 2 10 18
3 3 0 2 2 10 18
3 3 0 3 2 10 18
2 0 3 0 2 10 18
2 0 3 1 2 10 18
2 0 3 2 2 10 18
2 0 3 3 2 10 18
2 0 2 1 2 10 18
2 0 2 2 2 10 18
2 0 2 3 2 10 18
2 0 1 0 2 10 18
2 0 1 1 2 10 18
2 0 1 2 2 10 18
2 0 1 3 2 10 18
2 0 0 0 2 10 18
2 0 0 1 2 10 18
2 0 0 2 2 10 18
2 0 0 3 2 10 18
2 1 3 0 2 10 18
2 1 3 1 2 10 18
2 1 3 2 2 10 18
2 1 3 3 2 10 18
2 1 2 0 2 10 18
2 1 2 2 2 10 18
2 1 2 3 2 10 18
2 1 1 0 2 10 18
2 1 1 1 2 10 18
2 1 1 2 2 10 18
2 1 1 3 2 10 18
2 1 0 0 2 10 18
2 1 0 1 2 10 18
2 1 0 2 2 10 18
2 1 0 3 2 10 18
2 2 3 0 2 10 18
2 2 3 1 2 10 18
2 2 3 2 2 10 18
2 2 3 3 2 10 18
2 2 2 0 2 10 18
2 2 2 1 2 10 18
2 2 2 3 2 10 18
2 2 1 0 2 10 18
2 2 1 1 2 10 18
2 2 1 2 2 10 18
2 2 1 3 2 10 18
2 2 0 0 2 10 18
2 2 0 1 2 10 18
2 2 0 2 2 10 18
2 2 0 3 2 10 18
2 3 3 0 2 10 18
2 3 3 1 2 10 18
2 3 3 2 2 10 18
2 3 3 3 2 10 18
2 3 2 0 2 10 18
2 3 2 1 2 10 18
2 3 2 2 2 10 18
2 3 1 0 2 10 18
2 3 1 1 2 10 18
2 3 1 2 2 10 18
2 3 1 3 2 10 18
2 3 0 0 2 10 18
2 3 0 1 2 10 18
2 3 0 2 2 10 18
2 3 0 3 2 10 18
1 0 3 0 2 10 18
1 0 3 1 2 10 18
1 0 3 2 2 10 18
1 0 3 3 2 10 18
1 0 2 0 2 10 18
1 0 2 1 2 10 18
1 0 2 2 2 10 18
1 0 2 3 2 10 18
1 0 1 1 2 10 18
1 0 1 2 2 10 18
1 0 1 3 2 10 18
1 0 0 0 2 10 18
1 0 0 1 2 10 18
1 0 0 2 2 10 18
1 0 0 3 2 10 18
1 1 3 0 2 10 18
1 1 3 1 2 10 18
1 1 3 2 2 10 18
1 1 3 3 2 10 18
1 1 2 0 2 10 18
1 1 2 1 2 10 18
1 1 2 2 2 10 18
1 1 2 3 2 10 18
1 1 1 0 2 10 18
1 1 1 2 2 10 18
1 1 1 3 2 10 18
1 1 0 0 2 10 18
1 1 0 1 2 10 18
1 1 0 2 2 10 18
1 1 0 3 2 10 18
1 2 3 0 2 10 18
1 2 3 1 2 10 18
1 2 3 2 2 10 18
1 2 3 3 2 10 18
1 2 2 0 2 10 18
1 2 2 1 2 10 18
1 2 2 2 2 10 18
1 2 2 3 2 10 18
1 2 1 0 2 10 18
1 2 1 1 2 10 18
1 2 1 3 2 10 18
1 2 0 0 2 10 18
1 2 0 1 2 10 18
1 2 0 2 2 10 18
1 2 0 3 2 10 18
1 3 3 0 2 10 18
1 3 3 1 2 10 18
1 3 3 2 2 10 18
1 3 3 3 2 10 18
1 3 2 0 2 10 18
1 3 2 1 2 10 18
1 3 2 2 2 10 18
1 3 2 3 2 10 18
1 3 1 0 2 10 18
1 3 1 1 2 10 18
1 3 1 2 2 10 18
1 3 0 0 2 10 18
1 3 0 1 2 10 18
1 3 0 2 2 10 18
1 3 0 3 2 10 18
0 0 3 0 2 10 18
0 0 3 1 2 10 18
0 0 3 2 2 10 18
0 0 3 3 2 10 18
0 0 2 0 2 10 18
0 0 2 1 2 10 18
0 0 2 2 2 10 18
0 0 2 3 2 10 18
0 0 1 0 2 10 18
0 0 1 1 2 10 18
0 0 1 2 2 10 18
0 0 1 3 2 10 18
0 0 0 1 2 10 18
0 0 0 2 2 10 18
0 0 0 3 2 10 18
0 1 3 0 2 10 18
0 1 3 1 2 10 18
0 1 3 2 2 10 18
0 1 3 3 2 10 18
0 1 2 0 2 10 18
0 1 2 1 2 10 18
0 1 2 2 2 10 18
0 1 2 3 2 10 18
0 1 1 0 2 10 18
0 1 1 1 2 10 18
0 1 1 2 2 10 18
0 1 1 3 2 10 18
0 1 0 0 2 10 18
0 1 0 2 2 10 18
0 1 0 3 2 10 18
0 2 3 0 2 10 18
0 2 3 1 2 10 18
0 2 3 2 2 10 18
0 2 3 3 2 10 18
0 2 2 0 2 10 18
0 2 2 1 2 10 18
0 2 2 2 2 10 18
0 2 2 3 2 10 18
0 2 1 0 2 10 18
0 2 1 1 2 10 18
0 2 1 2 2 10 18
0 2 1 3 2 10 18
0 2 0 0 2 10 18
0 2 0 1 2 10 18
0 2 0 3 2 10 18
0 3 3 0 2 10 18
0 3 3 1 2 10 18
0 3 3 2 2 10 18
0 3 3 3 2 10 18
0 3 2 0 2 10 18
0 3 2 1 2 10 18
0 3 2 2 2 10 18
0 3 2 3 2 10 18
0 3 1 0 2 10 18
0 3 1 1 2 10 18
0 3 1 2 2 10 18
0 3 1 3 2 10 18
0 3 0 0 2 10 18
0 3 0 1 2 10 18
0 3 0 2 2 10 18



Modelo de tráfego
0 0 2 0 23 1 10

Mesh padrão: 
xs ys xd yd qtd_flits qtd_pcts idleCycles 
xs: X source;
xd: X dest
xs: Y source; 
xd: Y dest 
qtd_flits : Quantos flits haverá dentro de cada pacote
qtd_pcts : Quantos pacotes serão enviados por fluxo
idleCycles: De quanto em quanto tempo é enviado

Restrições: Cada fluxo deve ter pelo menos dois flits, um de cabeçalho e um terminador